3999
-17011
22447
2946
-15379
-29830
-26672
23123
-1578
-8824
-20648
25576
22045
-19475
19110
-19644
7531
-14910
313
8253
-9454
23241
-16263
-19433
-31727
-14549
8455
11283
-9284
10182
15819
27483
25939
5500
30430
10560
8438
-29009
-31852
6860
-5064
13035
32437
16981
26328
18780
30106
-31676
3870
-2348
9346
27184
20894
-6917
-25016
21935
-21466
-16560
-32316
2019
26390
16271
29502
-13206
21771
27165
30122
30209
-1843
-1730
4303
25861
-21462
3973
-22693
-27901
22753
-25354
5959
-6144
-27701
-17462
21040
25961
-24379
28792
-17639
-13076
12232
-17187
21711
-26913
-915
18446
-7351
-11911
-19923
22771
-14468
11002
-11726
-10165
-28672
-420
-6192
-18597
-28320
-16206
21585
10407
-22350
-6116
-7055
31458
-12922
1334
-5285
-30561
21026
-25819
-14979
-22798
12803
16874
-4351
-27314
4963
8494
-4543
-9505
19496
-16268
13098
23592
-16688
-25861
4995
-12240
23468
-6187
-1833
-31649
20465
23880
-191
7543
25215
27293
9751
-19294
1474
-5228
-9323
-18490
11646
-13674
19731
-16158
27588
15189
7106
14317
31689
20204
-27626
-17766
27112
10137
-30005
-14955
3951
930
18932
-8351
24811
-14026
31961
17259
13267
-23823
-2035
14741
3717
21410
29020
-17404
-25031
-16784
-794
2557
31173
6312
16874
-2673
-6250
22016
12330
20862
32154
15093
-26860
3338
-16744
24840
27755
8067
10815
-5819
25326
-8685
3126
-9475
-26710
-25924
11935
2310
22207
19673
-14474
-11353
22230
-16067
-5041
6338
14028
21477
28354
26358
-23196
-5027
8684
-17287
31079
-8059
7553
-6700
-32759
18368
-12519
25336
9684
-9392
-16906
15742
30219
27797
18052
19660
-18065
-29189
8307
4166
20279
-29501
10504
-31227
-8023
-26677
27899
1549
1065
-28951
-15738
32144
-4242
-8184
-7323
-4233
-22583
-19841
21103
19869
3535
4197
-29924
987
31995
20896
-12120
-18837
-8292
28955
-14671
-20780
-545
28601
-19239
24200
-30842
8661
-7018
2991
12478
10013
-30400
-24531
-30938
27813
-28764
12014
-24795
-7660
-883
-21260
29305
-30807
12495
28533
22858
376
9697
14566
29331
27794
26554
-3981
23629
7316
-12548
-7213
15977
-19565
-4222
-4312
-9552
-1854
-28843
-7722
-6808
7928
4292
1165
-32499
3409
12673
-3193
5371
25169
25340
28229
25545
2270
10028
22109
30065
-28953
18129
20927
-21637
5581
13714
27108
18784
-23275
22796
-23535
7639
-6047
-31257
-31935
-30885
5804
-30770
2151
9213
-18096
31726
-18183
7073
-8468
10046
-149
26570
-12693
-10807
-8900
23890
-25445
-20740
2253
12905
-7026
-3405
31689
2467
19391
-24612
-22660
-19422
9666
10940
15228
15470
-19830
-15388
-8083
-5158
16339
-26266
-30852
7871
16549
1767
1674
3856
-9039
25543
-5021
-1716
4803
30001
11189
-2222
26596
-22656
-32522
-19548
-14500
10353
26565
-4834
-11474
9026
-22130
1465
-6361
-30213
-3693
9978
-23711
-1776
-14918
25606
-9
-13244
-3304
23720
12299
-8325
22005
17103
21676
-32341
-17886
15505
-22229
-17640
-4042
28806
25482
-10244
-8794
14008
31551
-30924
15473
-7577
-28369
-20986
2401
-19312
-22762
20251
6295
9997
-25760
-29776
-31817
-13460
-5333
-9812
-29124
16344
-9385
-14242
-918
-31613
-31882
-4960
29961
-6400
17565
21167
7609
16349
-9757
-9685
8772
-5358
-30671
11173
-24669
-20665
-1343
14394
-10667
-27103
-15382
23051
-7795
-20715
-19528
28616
28397
-28913
14374
27480
5009
15261
-10247
-30564
8861
-25449
23371
-16297
-9100
13615
-25981
-328
8257
-23884
-21922
16356
-11780
-23265
30750
-22447
-17599
-17399
-32163
-25394
-5345
-18923
-29544
23052
17699
17598
17765
-10058
-32676
-25248
-7854
-23814
14838
15517
25424
-27028
-3635
32211
-27356
-28144
-24439
-16509
-11788
29316
-7006
-13804
-25898
-24605
1565
-25293
-17230
-3780
21319
18761
-13494
-26517
-29176
4271
-3807
3684
-20977
-11661
12638
26630
-28910
5295
-398
-32545
-28028
5014
4846
-19699
-11495
25827
-23150
-18500
-20744
-16280
-10337
-19179
23962
-27567
-22958
12514
23962
29083
18765
27555
587
14959
31239
12379
-29469
-21658
-26526
7156
16405
5844
7380
21145
10858
-20541
1446
32132
5286
-21704
-19135
17310
-5216
-29472
-1868
18746
-24270
7942
-1507
32460
4258
17259
-5520
4845
32218
25719
-15543
-30018
-28706
-9301
9907
20468
-3457
17287
-23922
7402
-3254
-22475
6767
-30734
-11411
-12368
-13424
-16626
23695
-15292
-30647
32193
-7350
-32153
-881
-3092
17874
-6401
-31013
17325
-13448
18979
-12693
-9386
9679
-2786
11082
-26545
14501
19929
13625
-21519
-2546
20392
13282
18811
8024
-142
-30582
-1047
-15433
-28460
31146
9985
-27845
-2502
-25873
-9971
23866
-24118
7354
-22349
27629
-5339
1033
4541
24644
-20651
-22003
6378
-722
24390
-15141
29500
-20752
-1859
-17224
20040
-2000
-15037
18993
15335
22038
17373
-7447
-5807
-17896
-552
-15778
5970
-24670
24344
-16379
-29807
-13762
17423
-25266
10882
-3228
18266
17261
28818
-22878
2120
-7217
-10862
-32505
8327
9178
-1737
-6710
-4595
-19169
-17439
12778
-26616
-23246
-5118
5601
-6256
-31914
13699
18088
-15525
-16108
4327
1898
24162
-17558
31438
9661
-297
-5279
19551
-30943
-12496
8689
-30680
-4168
-14899
-32417
21890
-19494
13949
-28315
-6716
20101
13974
20934
25702
-25048
-10980
-26133
25808
-26504
-9473
-2632
8162
14689
-20189
-25934
24351
12282
-31213
-21633
14107
21827
19825
-16573
-15108
4926
16545
-25985
18200
-2273
11235
-21283
-14938
-7557
-349
10764
163
21440
17399
25971
-5064
7927
-9427
3098
-10151
-29616
9932
14200
15434
-21280
25336
29542
-32220
12394
-19798
18207
17320
29516
24990
2753
27243
-29309
-18530
12305
-4098
-18879
-9697
-3935
2561
-25065
-10731
30265
15630
-20158
597
5480
-17006
10529
-13087
31197
-10751
-20518
27972
22564
-8124
8174
8004
-23571
-27845
228
-20818
32167
-29081
26187
11705
-411
-25458
2008
28422
9871
9712
-15076
-25398
25342
-2465
7967
-1945
-19471
-14271
-15031
-21041
-25021
-2781
6931
30311
-10904
15106
5549
-1707
20029
5777
-22524
-13339
9464
-29104
31135
-23714
10973
-32392
4708
20845
10088
-10368
28215
-30104
-12833
3415
719
465
-10856
-14312
-20576
29658
-17092
19124
27203
4772
-31305
-15
3065
21492
5762
13309
-24613
-17541
-15794
6522
24280
27947
6898
-3779
16025
16987
-14147
-21295
19651
5789
14888
20370
-26513
4033
-26708
18446
924
-11032
-27965
28127
-6260
-26502
-4655
29573
27759
-31660
-22652
3146
16334
-5678
-23099
7847
22269
16567
4068
-27240
-31981
-10078
-15767
20438
28479
-878
8042
1966
3155
-18666
-12355
4079
3070
25216
-560
-3190
31482
27553
-6384
26474
-4106
-29036
-3147
12228
30821
-26246
20076
-12444
-9678
24144
-6916
-8891
-18701
10085
11548
9778
9207
-13177
-21023
-20405
-31843
32158
16443
-28773
24607
-16884
805
23322
10669
-5579
-15738
6563
-1846
-18885
-13975
28975
-12362
6101
-16236
-22040
-2522
9616
1837
11546
19702
-19382
-11443
28909
-32559
-32465
-24262
-31634
-307
-7819
-27639
-8467
-24703
-26834
14855
18734
356
31885
25298
-1490
13001
-21444
-5282
639
-15343
11251
11367
14903
20867
13204
26449
-24966
26591
15007
-28823
-5968
15310
12450
27934
-17764
-28136
295
-26231
-20071
6230
-11376
-1337
6586
-12257
-8806
-27671
744
-30250
32582
-31384
-12825
11066
12751
2079
31934
-6812
-4239
-25799
19779
-21999
10913
13812
-6689
-9404
8979
-24453
-4772
-23493
14851
-24843
-17263
-29291
6589
22091
23987
30551
-5580
-8036
302
-5764
-6652
20245
5302
6099
-10443
4469
-713
18087
-21329
19067
-3912
22352
112
-10600
-19818
9091
30482
-24590
-14402
12567
16103
1104
16044
-10075
23195
-25504
20476
-15151
-772
-11989
-20915
-7424
8257
17155
-1325
30582
-11142
-2038
-16866
297
-15738
-20777
22649
-15626
1391
-29936
26233
-894
11010
-20935
11673
27113
-19831
27717
-15729
3364
-30554
4747
20981
-31326
-7241
-32701
-5982
-31751
-15545
-7307
31599
6081
23424
14734
6378
7686
26725
-3740
24829
28116
31860
-14473
-5545
10103
30127
6129
4449
-22471
1079
-11280
13662
3294
-6533
-30892
-28032
18994
1943
-1245
20011
19166
-8552
18844
25247
-17895
811
-1142
22560
27536
27886
-18146
22885
26979
149
17340
-28453
-2490
-9298
-24004
7807
-8218
-2516
21469
-4924
23720
-9422
-188
9947
-7479
31335
29959
11687
22784
16036
4167
-27878
16847
3025
-5318
11616
-1856
9304
-31034
-7643
-23313
19074
29439
6965
-22990
-27331
14772
-31208
-29847
-29293
-3364
-6127
26820
29216
-28946
-13426
-4983
1013
-1739
-14966
-15718
2428
22691
1129
-27314
-15393
12745
3598
26679
14479
-4045
3366
786
-7372
10331
-22204
30832
-7663
-20644
-31782
28579
8760
-5140
22632
-27558
31449
9206
227
-305
7467
18029
-16023
-22872
7953
-14894
-17418
-7440
30619
-13820
19240
12331
14904
-10161
13117
7532
-32596
-9086
5597
25276
-29730
-26185
-11680
-20969
-31325
10952
-15759
-32643
20158
17236
32587
-5142
-30270
-16203
-28014
-22317
1671
-12664
3012
32290
6284
-10515
-20914
21188
-20676
24972
-4047
-20504
15886
1550
4772
18924
-24634
-6908
30723
-23191
-28723
-17803
9702
24203
-567
9522
19061
1931
-6680
23815
12383
-5009
-21616
15395
-5485
-15331
-27887
6369
5857
-15795
31341
1811
29237
-18308
-29406
-31526
-32150
11495
-5665
-1427
21073
-1620
-19229
30775
22584
12972
7530
-23890
-17863
850
32694
-5480
28610
11078
-22852
23125
-4253
-17971
29494
-31162
31769
-4699
3417
-4529
9761
-25989
-3286
-22389
18275
-8951
8953
-26187
-10571
22492
-28179
-20754
-30071
-20649
20892
-15166
12970
20819
-20646
-23955
31897
-10730
31938
-5122
-28701
-4103
-3516
-29698
23966
32669
31308
-31807
6680
-4745
-21428
-7812
-13696
-12475
31536
8502
10017
-29410
-12252
12715
15477
-24127
-2451
28447
29460
9672
-28275
28591
31710
3663
23469
-29757
32328
-12814
6080
-9240
19855
4621
-8279
-6232
-123
3061
-14043
18949
-9413
-15274
-5316
-32163
20852
15201
13320
3562
-8926
-21897
32009
-12232
-12225
3734
16359
-13282
-25370
7061
22496
6958
-5753
-4191
-2282
-18665
431
22207
-24897
-32459
25269
-6172
19258
15856
11323
13943
16461
32175
29144
29782
2970
-12549
7885
-30556
-24781
28428
5946
24346
-17621
-19424
31407
4876
-12466
-7113
-32082
18021
-25778
1117
-25307
-17906
-31342
-38
-24078
-12083
-16949
20013
1860
-487
19421
-1763
-3472
22391
-14312
4413
24603
-6324
74
30549
-14745
-17547
-21642
16663
20097
-1339
9550
-11984
16682
16541
-10867
24143
-1365
-9440
24106
7325
-21523
-25610
-5428
13105
-26097
13993
-21425
3199
-29150
29798
7612
28221
-9293
-25081
26004
-24037
22908
4362
25394
10238
3023
2177
-1746
-13062
18718
20156
11082
-15414
10716
2421
24680
21961
-23189
-13515
2299
-16517
478
-19126
-13318
4096
-22095
27063
32318
-31387
-30785
-7213
-22656
-7877
29917
2738
-30405
174
-27852
617
-12888
23635
20773
30962
-24546
-1278
-32152
-32633
20683
-22572
19387
-9785
-6321
19866
-28911
-19639
-8805
14530
-25343
-9254
15911
9408
-16467
-6745
-31236
-19316
28761
3894
-19142
-31858
4512
738
-8223
-7482
31701
-32768
24009
32317
134
-20843
-23022
19522
2141
-29343
6621
-26770
16554
30584
-12240
23979
21331
3671
-32148
4864
29694
2152
18316
25688
-26721
-826
-6169
10559
-87
-14392
3078
-1153
-14392
27087
31164
18511
-26523
-24624
5266
-24382
11568
11887
14384
-4645
-23064
-30623
19335
31035
5817
-12813
3133
2744
22107
21449
28433
-4613
20624
-10503
-26821
-12230
7873
-23743
-13383
-6518
-29423
-14986
-20774
9590
25925
-15508
17976
4727
-3621
-407
82
6083
1739
19417
-28416
7556
-26162
-25283
10300
28713
28934
5966
-8667
-15977
28231
30048
-28207
-29430
-26462
-8822
-3180
9651
8961
-23954
-13526
-30649
26073
4450
-25922
-10315
-28723
6929
28536
-26984
-6421
-32647
-19428
-32583
7605
23640
28899
-28995
-3160
20232
-12204
25071
-15255
-7642
-4359
-8948
16304
25229
703
25265
1275
-12823
-5383
-5419
24395
1463
-15734
-4328
8392
12803
-31312
1972
-19844
-17972
2157
20530
5669
31056
24303
-30258
18522
-20668
-5187
-29500
-28310
23223
27087
20763
-17083
27790
-19507
16961
-17800
7878
11542
6596
9342
-4191
-30499
-15033
-24155
3725
19707
21536
-14247
-10902
9299
24190
-12613
835
26700
5909
-19832
21514
-23590
-15374
11970
-29270
5389
-5113
31289
-14117
11848
13489
26529
23391
-12682
-29664
-13567
22355
-11928
27813
26080
-24988
16582
-20934
-3122
25882
-29510
-15734
-6050
-2810
22943
-25882
-14063
32121
-8487
-2093
2852
-3098
25563
-31394
15553
-28124
14863
-23452
28035
2182
-20348
14468
24537
492
9514
17850
-24495
26097
29684
5151
19212
-32593
-10583
13162
-2634
12361
20049
-16697
-21053
11562
13979
14567
8464
-25993
-16827
-8749
-21349
30805
-32201
6687
-32548
12986
-11612
24757
13479
-2097
-22928
21752
-8767
-26011
26903
10445
6932
-16446
-9160
-28469
28683
10889
20369
-25137
22451
1581
-10569
-1851
8356
5372
-10600
-12992
-29358
-10033
26463
-29138
-29814
14851
-4381
16433
-20013
-27309
-27350
-28780
-20551
32322
-18335
-13619
-16891
-27494
-9320
-20975
16163
11049
19423
5848
-20136
-23913
-28770
-11780
-18540
-6602
7996
-15130
-16635
-31076
21268
19086
16544
16887
-30015
-3469
22347
-24597
-32248
1796
-25042
-17815
20945
-9165
-12541
11625
-30140
3623
-10093
-10716
-23296
-30229
-1861
13469
-9240
-20401
6867
-1244
-2762
23000
449
18506
9319
16993
-30142
12072
-19243
24973
20244
14044
26769
27970
28998
14947
18806
16457
26572
21434
-12687
-16287
10718
29552
-13748
-23909
-22514
-22988
21225
17121
8537
18463
7354
-23781
4202
16674
25980
6829
28746
6737
31802
-16545
-11985
25805
-21341
17013
-24783
-2535
-32065
-30977
18899
20784
18271
-3149
-15199
4523
-27058
-4944
14304
26935
-20590
-9926
12632
-13235
31828
-15933
3439
-7727
-9104
-582
-990
-10068
15642
-12975
15737
-5699
-28729
23722
24534
4742
25513
-22102
-7241
11017
7517
10328
15541
13227
5384
-2922
-25372
17563
-12848
20028
4328
18980
4095
-25000
-21514
27760
-25582
-22504
17692
22828
-2710
662
17129
-31439
-8383
-23872
6071
17131
-13205
31598
28148
27080
-23608
10922
-25227
14544
-24767
-17831
32107
27920
-30570
3668
14133
-26475
-21332
-7381
1285
-14145
2884
-13790
8683
-32593
-13128
25813
1503
11258
-30826
-25192
28389
-11263
6406
23770
15818
15566
1926
23359
30111
9927
5528
29451
-27687
7726
-32415
19214
-18749
11788
11834
15305
-2357
-18049
1515
-26440
14893
21156
32141
-16371
32414
1315
23972
28036
22821
-2388
19039
5872
-19589
-11802
29231
10522
-1874
1992
7207
3207
9718
-25208
22421
-9031
19348
1488
-26493
-15775
-16561
7791
23320
31100
28947
-10074
14730
28594
24009
5935
-8905
-18705
3547
-22633
-12833
-16041
31101
16398
27249
-3540
-14377
-31079
-333
-4659
-23519
22088
19079
-4170
-9190
-7414
-19945
7017
-32390
3375
-27417
-3443
26069
-12687
-7616
-15457
-6752
16247
-1393
29564
-6385
-14226
-19244
-8051
-30594
-24762
-11591
20564
-23072
-11924
-16861
18944
-22603
2218
14774
-31793
27572
27597
-24775
-4817
-1795
-19424
24508
24274
-32111
16893
-23949
-6095
-32395
-25342
23469
-6012
25967
-28542
-14063
28141
12232
-25654
15939
-10840
27957
-922
8104
5355
-31471
-9888
6330
-3899
17709
14323
24052
15915
-5101
-16974
7422
28323
32687
-16527
-10538
-32475
23666
12931
27049
16867
-15610
12986
12241
29390
-12667
28180
18550
-17477
-5509
26654
-12122
28555
-16001
26977
-8110
-31058
-24235
15942
17625
3433
31736
25047
-1011
-1112
-24246
-11549
-818
-580
1383
26231
-16480
18541
-26318
-4238
-17604
26550
-8825
946
-23693
-14333
-5167
-3047
14222
11601
23930
6112
-19457
32464
-10712
-1832
-29638
21024
23215
-30649
-12854
-1031
23338
-13672
31158
-8046
-20208
-18089
10495
19009
-22327
25659
12793
-31151
26605
-10900
-12716
-11329
-13947
1506
272
-22783
-25148
13583
9681
29675
11751
-19957
17932
2200
-17838
-27689
-31598
5500
-8593
-440
30222
-28801
14240
-24818
22977
24681
841
-29765
26298
-5321
-7897
13582
16119
10924
15089
16391
-11859
22709
-2792
-2178
-13151
8959
10633
-27986
11159
25564
-22906
-20438
-1703
-31499
11890
28520
-27531
26130
3702
-4554
-14723
-28223
-1551
11575
-776
23320
-7609
15343
-31291
7480
-1032
22386
30189
-3824
-12559
-15729
5135
30843
-10947
-16472
-9128
31682
-4142
-10831
-32583
7748
17689
5421
1112
-11375
-31900
19157
-6830
32084
-2035
-7606
-10131
-9644
7738
-8654
30604
6706
13732
28026
-29885
-31593
12297
-24750
-750
-31416
-8454
-9878
266
-12596
12059
-32317
-4847
29749
5872
29033
-14393
6740
-17345
-21223
6057
-19380
-28829
28694
-29023
-21091
20041
1581
18383
-31762
29608
-11502
2180
9138
-3483
-31337
10490
20831
24320
10757
8236
-29155
11208
-29378
-32173
-15686
-345
18969
-8946
15078
-2254
-2888
-4302
1685
25806
-557
13363
-19688
-31742
-1021
-18681
30634
20246
16267
7005
16763
-15069
17496
4827
-23516
-4514
13063
-19903
6694
16453
13459
23776
16108
-339
14831
31186
30175
11943
-5882
-906
4982
26329
12457
-14705
27355
11436
-618
25222
31682
15649
-539
15678
-32187
16957
20506
9833
-20324
802
22698
19138
17256
3391
-22620
-32171
3052
24979
31784
461
4155
-6865
-445
9137
-13303
12012
27200
-18714
-9319
26582
6508
22364
9465
5969
-27493
10046
-9841
25781
19879
-30165
26584
-22957
21742
-21695
13202
-878
-21098
16254
24101
10686
-16052
28256
-28946
-16497
-28142
23287
28283
31827
-28194
18965
25642
-21686
8562
-30428
17052
13837
-20381
-25556
-25916
32266
-22952
668
-23458
-1210
11741
-10256
-2088
-9357
-26768
-10754
-31437
22715
17502
5152
-26548
22128
-4328
-31032
21188
-32522
20701
-18704
-21439
29263
16403
28381
-22434
28790
2825
-15582
28290
-20127
17854
-27935
11431
29595
27345
9343
-12529
-32190
31357
21569
23293
-16676
-6045
-3255
-27314
22395
-1518
-6126
-10126
19183
-24830
1203
-17088
24342
29584
-6754
20365
-358
10432
15888
12284
28286
-12046
23715
25114
-17468
292
12585
15877
31649
-31380
-26365
-17793
-4657
3149
20428
17738
1631
-18465
-25155
20814
-10526
-23952
-29041
13816
-27135
29740
1414
5276
-25363
17303
17560
-29844
5257
8508
-4730
-12211
8800
7856
-29101
-25085
9244
10069
22657
4587
13218
10318
22325
-17918
-8147
29939
2897
-18673
5987
-26144
27911
11621
-29170
-3441
-15870
11002
13862
-31077
13927
-13648
-22569
9197
6909
19000
-15714
-22192
-6085
-6470
-12123
-16195
30885
-31671
26891
20444
15946
-14023
-15152
-13924
73
23603
25468
27984
2457
29066
24543
-13413
-25467
5638
21045
21228
24758
-1523
30426
31667
17477
14712
9475
-21375
-24524
30121
-4802
-26406
31218
-10678
-5962
-18371
-24701
11654
474
-24628
-30277
25942
-29410
-27820
-10527
27901
-8464
-3226
-31995
12581
18003
25531
-21709
15662
-8336
28536
-2393
-31628
-25606
-26917
-1507
-30408
-20554
29711
24449
-26516
-21426
32517
-14861
-20952
7889
-12370
-27777
-21521
-7422
-5536
6381
-15886
-8762
7154
29464
-23526
32685
7755
24904
24349
-29243
22512
-7278
-22081
28363
23983
13047
7809
-11840
4729
14062
-498
-28289
31969
-21450
12369
-13168
16308
-9152
-20590
10772
29997
-3707
-30757
-28384
25757
-21514
4302
745
3390
-4116
4270
-6865
21374
-17810
-11268
-20177
28005
-3459
751
32734
-22164
253
-28321
9805
-21197
16816
-3363
27879
7664
8816
5884
4895
5109
-24873
-23489
-1901
-13619
13581
-1156
22540
9466
3115
15675
30840
-14695
4407
-22104
13310
-31818
-21353
13277
11553
-21100
17724
-11408
-9529
-30995
17997
18350
9438
26813
24234
14333
-845
32130
23612
-2746
-14256
-28341
-3901
8284
13893
-786
-8807
11966
17287
28368
-10137
30597
29318
1278
11107
8105
-19821
-3935
-3303
-29350
30605
14694
21769
7276
8741
13236
-11158
7896
12599
12455
5151
-1656
-15886
1250
-26139
30775
-32303
30589
-22794
-15016
26191
-163
-17186
-10026
1116
26689
-1921
14063
22754
27544
-15287
20593
-23296
-26285
27869
18213
-13048
16712
26109
-449
-3600
31260
-2105
13282
-257
-28243
-21478
-32560
-30421
-11504
-14808
-4230
21102
774
18513
22218
27464
16592
-29254
-15317
-21398
-11773
-27491
-11926
27478
379
6287
14430
-15676
-371
-18786
-19276
30890
-20890
26774
-2134
-16365
5296
-1925
18749
26560
-16733
-18247
-17873
-15958
266
-28422
-21261
-15909
7859
28957
-4539
28855
1467
16303
-9202
-30921
22590
-27539
-13829
22220
19210
-337
20343
31088
26437
18209
-18044
-1034
16284
-32061
25526
32320
15227
-25113
-16405
-17274
12000
27869
-415
-12907
24059
-4953
15948
-7241
11350
-26021
27373
1174
-20792
-19223
-9373
31186
-19560
10970
29508
-25890
-3588
11464
-26924
-20070
-20597
31371
12250
27398
6258
-4155
-22643
-14509
-9053
-23057
-27416
15006
4758
21300
7766
-16659
-4721
2372
-15485
7255
-16850
7910
-27093
-3642
-13887
-30352
-29531
-17474
-18888
-23687
-4776
-6716
7684
7474
-12085
-18825
-29448
30808
32202
27034
-25016
-27981
9273
-20258
-6680
17039
-4149
21367
19412
13135
-4144
-30205
21045
-31237
31688
7159
3946
-30610
22453
17826
11239
17677
11110
-13844
-7616
-974
-32668
-4296
-2933
32302
-10029
-27949
4321
-756
-15439
30409
16284
-19588
19010
2929
-6453
14866
5492
-18174
16397
-28355
21753
-12424
-26196
-21329
5402
-14957
29116
-16254
-28801
-11267
15540
-28701
-15563
12607
3601
-25592
17426
-24844
6420
1987
-27202
-10063
15167
-8192
-7134
-24052
6674
-1642
23309
23071
2772
12295
10647
-23424
-9034
-16717
-5613
-12685
32564
31121
-23952
-17431
-30346
26020
27944
-26745
-32339
-20165
-18821
-25919
14590
19513
29554
-3010
-21446
-10347
-27062
-14771
20780
29015
-24467
23552
-24225
18949
-32639
-491
2232
27283
-13176
-30739
-7131
28407
-15402
-4709
21660
-20225
-31453
22089
-7622
-17506
28939
6968
-30760
25726
3958
13330
-17388
9665
31327
3392
5913
6860
-5823
-18311
25809
27073
13966
-4726
-11179
791
30070
14459
-3569
-18099
9750
-14675
-5556
11065
-25353
-13178
26328
3586
26558
-4432
-3455
-2250
-23869
-20842
7415
-25309
-17450
13328
-18448
-23272
27785
-25406
-28966
-23783
-30131
25391
9776
32707
7083
6207
-18158
-15934
24300
-23714
27900
-1052
-4123
-11307
-30233
22435
17029
31848
20185
-6839
11006
-5167
-32148
26324
-24605
-17828
-29715
-29587
-10465
6855
12165
24939
-521
-10826
24879
-26205
28150
-26046
23396
-13085
-16991
-14239
18631
-21114
7222
-11601
1321
24252
20247
-11260
17413
-1514
-16427
18033
-7957
-8264
-32561
27864
27685
22509
1952
-25685
14681
-31336
29025
-25975
7994
24408
-19252
-1377
11323
29292
17153
29955
8178
24375
-14413
-23268
-16908
-26933
31007
-32262
-28447
-18186
18540
-3636
-26450
-14021
-8539
1235
8488
-6587
8319
-9598
-5155
4577
-2805
-29928
28985
-22057
1464
-25227
7235
18617
-28039
-17354
10225
23083
24914
26086
-3850
23154
26592
471
4968
-20403
-3164
-21481
-1656
-11703
12522
-25935
14479
20841
30002
9324
25418
27198
12165
-11132
5141
13629
-3590
-20390
32246
1139
27791
9704
24223
19938
-29745
-12394
-22442
-3152
20846
15294
9213
-15085
-6187
7558
5980
6336
14391
20459
-5590
-21141
-2983
19829
6057
9182
-24070
-21569
-9956
5108
-9191
-10477
6248
-14166
-773
30471
5772
-30517
-14690
16098
-901
6156
31393
-24455
-8929
-7561
15871
-2948
-1225
30263
-15256
25954
9122
14529
-19752
-17588
-9056
-11054
26378
-19012
-5945
17188
-29489
303
-29745
-30261
-1993
-23973
-28010
16085
24894
3857
-10525
-9248
-20598
-19454
-16809
-4726
10366
14735
25537
27879
-24846
1892
-23127
-11830
-15696
586
9884
-22085
-18426
3939
27871
-15146
-28525
-1874
-12639
2250
-25846
-7881
18336
31816
-4024
7811
22568
8146
21125
-27008
-29347
-1275
20495
28958
-6163
28417
30850
3478
-16180
-17613
4064
-6295
25838
18407
30412
-11826
3261
1888
-13699
-9378
-28629
-6777
-17259
22475
25039
11485
30286
14840
19631
18645
20600
23053
-15397
-24439
-13524
-21560
3978
-15440
-18082
-12201
32482
-14017
14272
-7215
4390
-20851
13728
-25116
13805
-32738
31041
-14823
-6747
-18985
7652
18292
-7500
5172
365
-20636
23817
20965
2417
-24347
29294
21662
19628
506
6222
-31221
21073
-26831
-12470
-30190
-1277
-8080
14494
12451
-428
28300
12481
30613
-19290
5734
-21139
-11638
-8741
4129
26302
-8376
-16506
17352
-20178
18679
-6995
-23650
7574
-20134
-23144
13796
14181
-2071
19734
1711
507
-14310
26400
15001
30909
25972
10534
-22145
-8949
24012
-16411
2680
-20392
-25152
6810
5910
-760
23072
23263
11830
8984
16268
20948
16559
-3865
-2196
30355
-22451
28501
17322
-20740
29008
3012
5660
11243
-31614
-1134
-10990
11776
22685
-19744
28133
25365
25399
-29786
32175
31309
-30546
-10288
21805
14053
-1303
-27461
-30534
-17511
1442
39
12844
11759
28540
-2600
-8981
24782
412
29448
3258
1567
-4453
25036
-19424
18232
5292
-24057
-21938
30691
11692
-22529
29234
13915
-49
-14496
27968
-1352
-9189
30202
13905
25021
30241
-6017
-28755
26015
-8617
-4967
18030
24563
-8286
-11479
-6637
-12739
-19210
-26060
5493
-13917
15418
16323
-15993
27110
-6206
-19526
8258
-6254
-1253
-29309
25162
-10442
-31873
-26467
-18187
-1632
-32484
-14174
-8384
24434
13627
9646
16230
-27426
30935
9594
25370
11726
-16466
-1904
-2191
31720
-18347
14584
26063
-24553
-4941
-31213
1961
-6194
-27754
27124
16132
5908
-32110
30713
-28490
941
16540
28661
-7392
30167
5541
-23929
2742
-29059
-14335
-4655
-17333
1967
26210
13244
920
-24904
27829
26984
16078
-9879
28539
-14727
16695
785
-20370
60
-26073
13055
30774
10972
-18771
-18221
-25902
6605
-20821
-20361
-17324
14689
16116
1110
10035
31551
-29690
3478
-20739
-28769
-21426
7090
30983
27420
29979
-6013
12693
13907
27540
25091
13967
1467
-27389
-20794
12439
-13392
-6247
19306
-6787
-27067
31713
8658
-12378
15062
-22999
30425
-18921
12846
-31632
25875
-15923
-20290
198
15060
7131
30177
-23720
-12943
-21451
3821
12149
25284
5288
17528
4491
17728
-28630
-1756
4267
30118
3945
-29555
6009
-8432
-14492
-16990
21993
32122
-4143
23130
-7538
12702
2840
25428
-5004
-22796
22838
-28724
-2970
1387
-24903
-23588
26671
-19614
-6060
-1605
30882
30845
29408
-30386
28197
-32182
-27173
1439
24921
23870
-15550
14148
-9543
13075
-28257
15687
-6990
7351
8348
-11994
17324
31186
24818
14354
-194
-85
-9234
-6289
13069
17474
-7894
11184
15553
21514
-19202
-21785
22101
19161
12422
-18513
10264
-3128
28403
-32045
-22820
-32621
16410
-29809
7499
24759
23732
24823
23178
15783
6410
22985
-17068
-2824
16696
-3999
-18117
-23965
7186
-2564
-2450
20752
8419
19651
7146
20842
-31629
17411
-15053
29543
18134
-5104
-3078
-30991
30622
4421
26536
21587
-3523
-15820
4604
2887
7165
-12464
-32704
23861
-16463
14715
-104
23491
-20616
30214
-21291
20572
17098
-14145
8647
18238
-29501
26362
-17754
-11367
21258
-20832
-9589
19113
16358
16947
7934
12835
1127
12538
15723
-24475
74
-16981
32154
16379
30502
-716
-25664
9887
29498
18580
-2308
13830
-28332
6339
-699
-25064
32701
-18453
-3663
21193
-6517
-13252
-25229
9841
3696
15473
-10090
-27944
28011
-27134
13117
-4682
21420
-20264
11698
19156
-20980
-13966
-3724
-24248
-28153
-6032
22350
9050
307
21651
16754
241
3198
13092
21434
29449
-160
28974
6524
-29231
11680
-3566
8361
-25843
-30700
-11289
2243
23488
1215
13941
-22891
-19764
-25
-26615
-11244
-28178
121
11106
13641
428
32757
30395
-32097
3188
-22048
22105
32637
10561
18312
6394
-18670
29993
2828
22459
-28617
4896
11170
-26374
-4382
12386
20336
-27273
25390
20311
-21119
-18621
24902
-20998
-7515
5776
12199
-7525
-29364
12870
28431
-18643
-30560
28301
24686
20521
-30839
6016
17747
4757
-4291
-10870
9654
6879
-4476
-27495
-13502
15860
10767
-20879
3405
22416
26035
-4460
-31348
-14247
1316
-19149
-21772
4720
26489
-26108
18845
-4071
2194
-22004
-16317
4123
16781
1430
8880
12490
-9440
-14233
19369
18853
23807
-26899
1946
1808
-15010
5351
-8543
11026
-31876
25644
-3221
-30560
-26272
7776
6929
217
14436
25774
28915
16630
3771
12598
20753
20552
14029
-3133
-32493
-28178
15402
19644
-9325
6443
25513
-7378
8251
10504
30741
-292
-11237
-1134
-7414
18310
1074
31849
26086
8003
32067
-25012
-31757
-4553
24386
4782
8045
12373
-7433
-10693
-23527
-7158
26665
-8125
-20281
-15427
-1682
5233
-22805
-26198
-17030
-24830
6279
-28267
-25964
-1135
-9957
7878
30714
-16637
15882
30014
-8881
-15875
25461
15505
21675
740
-4889
14242
22815
-28416
7084
-16055
28995
19571
-31481
-5454
-7963
-21518
-31651
-24993
-13580
-25372
-20492
-6776
-26507
2320
1103
-28560
-14317
16985
1455
9570
-31657
-5851
-7692
-9982
27657
-12580
-28507
-15062
24539
11345
1651
20767
30916
-29830
15314
22954
-18579
16431
30729
609
-8941
10238
-6166
-2680
12558
-5063
-31240
31009
11922
-29785
-24956
13033
-2867
120
3051
24790
-12460
-25456
9728
-20687
18657
11380
-32687
-15962
14318
-17373
6992
28507
31826
-27813
29117
22885
15193
22951
-12562
-5016
-14879
21734
25993
-2957
24717
-31730
-22691
21850
1158
-19640
13874
-11301
-12328
23602
780
6329
2215
-31907
23135
16534
-16511
-2639
12274
15315
-30452
-24144
5434
17509
31575
-7128
12493
16696
14606
5719
-19028
6557
6757
23816
-4360
7915
4176
9514
29382
24616
350
30162
-1822
2565
-1744
21314
-13668
-18255
18675
-1393
29828
20991
7231
-30273
5733
-26728
28135
18226
-10032
9974
-8822
-29059
-16236
-2065
27525
-20595
-26917
-1065
21687
2466
23551
22037
32628
-11037
24603
-1883
10277
-21832
12630
-3815
-23225
-23076
17176
-15993
12186
22909
-9953
7554
8368
12783
17529
-454
16492
1293
30249
-21517
13466
3332
-22582
-30381
-26969
-31798
-8344
-27107
22700
-16508
-28990
-32558
27196
16409
29162
-28796
-6667
13571
-12021
-27248
3713
-21974
-19693
-20686
-9190
30604
11628
7302
-870
-23658
-14215
12597
12443
-4029
14984
-14526
29709
6640
23902
-13126
-9867
-5087
-12915
-15438
-21445
16247
21301
-28112
-2948
9281
-22592
-32002
20075
-9517
12848
10885
-11680
24476
-14579
-12549
-31948
3974
-32719
-19505
-54
-17735
31504
29655
-11095
-10128
-16238
11806
17553
-29153
29136
-3892
19863
-15097
764
16915
26952
10940
17681
-18508
1424
-2238
-7622
-10256
22239
10567
9963
-9709
14541
-22756
3554
14487
-7723
-30477
11375
13951
-7837
-4862
-7010
-23051
31520
22127
5825
-14152
-25737
-26178
-30004
1215
-15237
20446
-17293
18955
18208
7853
-24068
7680
18420
-14104
30739
195
-4092
-31242
14682
-11814
-28950
-6709
2137
28748
21197
-4873
-27069
-12818
-15513
-21244
5799
24285
18114
8563
25500
-29890
29009
-24559
21833
-18317
16062
-2235
22131
1716
16429
-12664
1911
12338
21629
-16174
-32243
-7321
-22883
2662
-11339
-1686
-2211
27127
18265
-17723
-26884
-8703
6562
23998
-140
-704
26876
-3897
7505
-16826
10554
23567
-19060
32685
25283
-2631
20021
-5573
-23060
8884
-21746
10232
-31204
-11861
12894
22992
19222
-22083
17352
4720
-7038
23237
-3983
32292
-18300
28645
-1179
8577
24748
6326
-8249
2535
29894
5459
2454
22410
2829
22475
16838
12537
-1408
-4908
-9997
-32611
15999
-29870
23149
-30314
-19185
7735
-25594
-26223
30972
3191
-26697
-20095
31837
-27876
-11518
23818
-21549
13002
26354
-24422
18461
28808
-2012
-11477
18516
14826
-31706
17109
-22849
23832
17266
-6849
-6038
-25120
-4395
-25222
-17385
-29988
-18677
-19180
-26797
-12606
26261
-27727
25054
-18024
-3908
-29262
-5022
22446
11851
-19327
18487
-22928
1964
-28532
24667
-29742
21345
1818
26858
-26924
27737
20821
-19275
23343
28367
-3892
26123
-23077
-23071
32094
29853
3190
4368
22140
-14834
460
-7122
12913
-9861
-28038
-6414
8626
14569
28318
12862
-26299
-1423
-31327
8288
25435
-25483
-29510
13489
20777
-6167
9089
-15881
-12811
18781
26583
19284
-16901
-2994
23652
-27528
14940
24112
30885
-4914
-18516
2847
21440
-9890
-15351
-15776
2972
-8881
-17199
4413
-593
-24531
-21069
-30103
21727
32476
-3501
30816
16595
-16312
-15938
10411
2972
-71
7417
26624
-27599
-10409
17969
-29481
-15323
-547
-26634
6118
22331
-9216
-9658
-7463
-18097
5911
-3050
-18690
14148
8649
-16025
-29660
-24409
-19526
1157
-7814
-3069
17987
-30169
-97
17917
10016
-6239
23086
-393
-21037
-6394
17053
11185
-260
23171
-32019
-9476
-19254
26053
5195
19425
-9763
19273
-31962
-1114
3249
3914
-25523
16491
-27696
-568
13422
23059
2031
-19441
-24559
12047
7088
-1472
11655
18819
24902
-4059
30004
24642
19112
-2014
15167
32626
-8728
-12405
19284
-18491
6869
20090
13164
10118
-8763
20409
-6158
29076
19841
-25502
-13399
21872
-12175
-5190
1153
-5087
26106
12808
13732
-14527
8749
-21798
10116
-4906
8956
-7484
-5047
-32539
-19889
14237
-18261
-13020
-31208
-5097
29866
-7202
15312
23709
21874
2387
30975
-24292
-8508
18800
3287
-7355
13713
29393
-27314
-5322
-17900
14203
5648
24984
-23470
-18163
17500
-28517
14834
30379
18488
29341
-15407
20049
24244
14459
12847
6789
5401
1954
-23591
-29159
10431
-32098
-10359
13718
-6685
-29413
10344
31537
30801
25212
12973
3682
-15339
-10496
-14480
-30606
26522
354
-226
12244
29695
17135
-474
21172
-1173
12373
-4806
4229
-18440
-28396
7838
-8009
5041
30248
-27058
31124
-31932
16055
-2874
31637
-24268
10100
-30215
25929
-396
20840
-4677
-6641
-11573
27865
-27164
-14645
-20535
-27638
-26240
-21707
17503
-31046
15290
-936
6093
-9639
23823
-21633
20609
29534
9492
-11322
-19946
6618
-12452
21321
-16049
22868
-18285
16323
10941
9807
-23084
-632
-27863
15287
17491
-15629
-12350
-8749
28199
-27614
25741
10722
-28550
31834
1083
28042
-22565
-11074
-7959
-13073
-22396
-27905
26313
30687
26184
-22502
20789
-24867
-6179
31730
17708
-29263
-1668
-10155
18793
15823
6984
-26324
7075
2416
11597
49
13138
15816
31883
-18545
-21677
-23449
-29619
3132
29013
13520
7995
-10208
11440
-31356
58
-538
-23455
-6121
-1574
-5747
-2615
-3242
16867
16178
12581
23851
22622
-13111
-6499
-31316
-13062
6639
17268
-13945
-11906
-4409
28141
24010
31491
24388
4763
-26049
-18587
-16563
-24636
-18529
15667
17444
8118
14093
-21069
5503
10851
-4202
-11086
-9334
-13118
-21231
10323
-19617
12989
30030
19791
-2510
-16682
-24882
25850
11459
31897
-8194
3080
3893
-1474
-15507
-12670
-26110
-1268
-29769
24102
6851
-15676
3033
-20413
27944
31599
1270
18610
18482
-19961
-3834
31633
25796
26196
-14111
23287
9514
-6224
-16398
-11793
25673
-24592
-8713
29566
-26066
8549
-15870
-19408
7281
19896
-28072
-18635
4220
-25039
26488
-603
-26206
-5009
-14760
25044
-24970
-18593
-8858
827
7603
9800
24114
-15649
3576
-25051
-27442
29249
15892
-3387
26048
22595
-27605
10178
-29580
12445
-2693
7883
-6190
1528
-17155
-12469
-31842
-10593
-17478
18934
14451
23088
341
5593
-8852
-24823
-17374
15262
25063
-13798
-9789
30389
-17316
-26664
27003
8733
28699
-602
18911
-880
-20924
16219
7003
-27113
-15020
22616
-6814
18673
12023
-24291
4840
26474
31565
5181
-699
-10054
-19641
-18073
-27559
-27345
-31870
-4580
3045
-16418
-31244
-2719
-7685
30224
29447
-21540
29344
8524
27447
3580
-18589
-20340
26197
7365
31101
-27315
15842
-29593
31928
14640
-24412
-1538
4586
-11285
-19611
-22973
-5861
-18713
-27553
-2816
30405
6739
-5535
-10047
-28572
-8855
-31587
-31995
-331
28628
-28415
13848
8288
-2218
21214
-26145
3236
-28479
9797
2397
-13838
18153
859
-9252
6869
14016
544
1008
28072
-27009
30960
25710
12498
-7342
15663
16694
-16197
16845
-15301
-16527
-20062
-10947
-2679
-11773
19603
-14232
27617
-9928
-9942
4647
-7531
-23780
22800
26096
-264
-3098
7346
-32487
30678
-30117
6040
-3897
-4407
18538
21529
11256
-30302
5333
-4666
-12835
21574
-24727
-23782
18895
29035
-4178
-28103
23885
-14106
27490
28532
11132
-29057
18565
-28307
3447
15468
11807
-29039
-19389
-18310
-22999
9483
-22717
28307
31012
21308
-1995
3578
16642
-14829
25152
24683
26924
11281
20951
-10021
-16822
12069
-24126
10668
7834
19774
-18389
26400
24235
-14942
9101
-29492
21554
-10288
17733
31323
31963
27785
-5904
30209
16326
24869
-31748
201
10040
26173
24885
4198
-28081
13069
26945
20632
25139
-29948
31300
-32562
-10174
-19856
-6162
14062
-2030
2939
-15430
-13242
25420
-30464
18081
24616
30089
-20590
-10710
-19120
4280
-9689
13850
-18447
16484
5968
18519
-11597
19037
-20070
-23732
-21359
15517
7568
-21152
5344
20480
5454
19406
18450
8394
-28791
5208
1047
6280
-9477
25663
-29165
-30067
-17813
-15517
-25787
5266
-1667
21302
21750
-28466
-25714
-22614
-9428
-13016
19189
1981
2502
-6010
-19171
-24921
14470
-13716
-5515
-32615
27446
-1538
5362
-4274
4742
-4115
-11378
8345
31353
3577
25597
-27200
8843
-8837
26870
-2174
28233
-31611
-24788
18805
20909
27169
-11981
23411
21159
1617
-1510
2862
-12099
25743
3016
-17420
24205
8378
-21694
-3820
4263
-304
4526
2849
3274
-2644
-24351
12117
-11481
2519
9944
16752
-29091
17924
2790
-8182
12327
-9190
-17538
719
-7573
13720
3582
13096
-26072
6598
-4324
30901
-17791
6750
27081
-13528
-26321
-1160
-10679
-23047
-3804
-2261
21839
17484
258
31783
-31299
3935
16940
-28508
28521
-3500
-4930
10983
-2780
-12503
24703
802
-32174
31399
-25367
-3730
29533
22377
-29747
-8920
-23918
9467
22688
-1829
-13579
-13882
-4090
8260
3602
28937
7276
5071
-32663
-8551
-23437
-4141
-12050
4401
-25925
-14830
24666
-1221
18740
-7508
-2589
-6627
-11238
26945
-17017
24550
-14742
24600
-31517
-24821
22771
-12328
26832
18682
-4068
30434
14852
-29559
2739
-17811
27425
-20698
10816
15375
16472
-15108
-32222
-24397
16439
-13482
-31904
13850
12659
-10374
8028
-4358
-18590
-6714
20242
-17339
1234
10247
-29667
28066
28929
-967
25734
11014
-30526
28473
-6797
29667
-24992
4020
-20492
-8520
21680
-19946
-148
-27416
-659
716
19202
12000
-9658
27231
7643
4520
-12250
-4882
-12819
-11016
5365
23049
-15716
1527
-10685
10018
12541
24324
5724
-27022
-11543
-19268
9766
733
4981
31446
13555
4833
4030
12896
5549
-9535
24897
28659
-15071
-227
-32355
5448
27659
-12406
27200
-32510
-22123
11484
1785
32727
-11265
-18440
24285
-5541
20073
-20025
7960
29839
13476
12941
-4250
27031
-14993
32548
7161
-9444
23013
32058
-13552
-24824
-936
-13139
-19376
26723
-25544
7824
26981
17868
19309
28767
17828
8044
10327
-23422
-30263
-2367
22088
-22303
27472
2797
-9362
-9545
29829
-24355
23003
-28545
-1031
13249
-29254
18185
-11575
2578
5047
-30951
29301
-20497
-23126
23516
30139
28951
19516
-17568
4228
-2924
24546
-26035
-5291
13867
17197
22181
16665
-24932
12636
13727
-16519
2872
17950
-17550
16121
21464
636
4547
24042
-27084
6364
20576
17954
-16762
-21443
-17442
-20578
30841
-2242
-16349
27917
22304
23151
22626
3405
7582
-20728
-12697
-17350
24676
1030
31667
27548
-13787
-18650
10903
7677
14754
15450
-1048
-12330
-10953
19528
-27143
-27714
30854
-11817
-15524
-3840
-14058
-31873
-8689
-24521
-8721
13937
-21116
-1139
25978
-1045
14279
-14881
-15
13179
-20099
18966
27298
-9196
-6124
-23483
-26513
-7172
-3044
28069
-20410
2581
-32412
-22323
-9235
17600
6605
9475
-14273
-2084
-15046
9774
11854
-3393
-24132
-27703
-4438
22916
-9816
28316
-29440
-29915
-18253
-2142
-6343
-24376
7144
32679
1220
-28667
27982
-19190
-26086
28338
24022
-2553
-19597
30628
-25845
-1101
-4223
-8122
-24094
7631
-11515
17310
12696
16815
7459
2881
12364
-21981
5734
-5888
8646
-608
2504
-16977
-696
-29043
-12876
-5481
17303
-6194
22858
8558
-8746
-29506
6419
-1823
-30607
2197
-9945
10835
-22939
11308
-4622
-10242
28124
-29930
-7361
-25047
-19143
31141
1833
-10497
-2234
-28430
5294
-2929
8063
-7582
24358
-7401
18993
-18319
-31610
-22520
17711
7578
-24343
19872
-22992
31248
-2060
-13163
-22979
-6682
-23405
-27622
28923
2002
-19900
9781
-32391
14701
32052
-1857
-13728
4580
-4786
27103
29766
-13194
-13065
-16776
-31513
-11907
26239
18966
28439
1897
-26696
5447
378
-28756
-7715
10167
-2669
1648
-17454
-6513
-29116
28181
-29499
-28739
-22653
-30213
-30596
-3613
-25633
-2613
-9277
4133
-15807
10426
20126
18215
-1480
13598
4415
26959
-17272
-22281
-360
-16894
14498
24693
-6726
-20938
-6426
8588
-27450
29993
4002
8586
1254
14117
-21627
-29341
-22262
-14492
-31954
-31539
22410
17774
11656
-22999
3222
10176
-9401
7637
4368
-26672
18124
-28759
-10798
32623
28702
15244
-21082
22277
-8935
17003
-13265
-4933
25590
20758
-23582
-28804
-8583
19691
22240
-7769
20920
-20885
-22762
32576
-11116
-19540
9985
-20517
20866
-18413
-14421
-26545
18363
-25218
-26689
-18469
22794
17765
3808
13860
2001
23311
-23840
27591
-21466
18113
31556
2719
5037
-11739
27718
-6809
144
4956
25767
-10972
18185
2986
1279
-26484
-15427
-13141
-20261
-29831
-5591
18586
17235
17203
3584
-11724
-1704
5585
-21179
-25543
410
-9877
25338
-801
-7157
30376
20228
20561
-9200
20372
-7249
16567
-23367
10936
-13214
-22088
-15548
4127
30306
-3041
-25703
-8052
-17222
-8468
-23615
-13638
12577
-25319
24716
-8602
-18094
-7641
-18479
-25522
-8442
7132
4854
11786
-5073
-4346
32158
-12322
-20546
8791
-1386
-991
-13297
15834
3136
-15757
-19974
-22567
8959
28340
1734
-14656
-18065
14311
-7206
6651
-27058
7468
-990
-12769
-18054
23336
27132
-13200
-30413
-10708
15222
-31022
-23030
27445
-22231
8352
-6313
-2759
-8581
-3177
14252
-28555
-25743
23211
32553
8759
-24211
14489
-9697
-31417
21140
28780
-23949
-12616
-16756
23533
10720
-22391
-22434
13076
32436
25557
-17946
-23361
20235
25359
17759
13922
-10167
9178
10745
-28682
13392
17770
-5471
-19590
26529
3086
-5101
16832
-28331
-16727
12845
-19511
3425
28858
-28745
-18622
6467
-18411
-5546
6137
7146
-23491
-17224
-5386
-30899
536
8536
24469
9714
-13485
-4213
-9661
4285
23084
-29250
-1952
26171
-1583
-17887
30608
14458
27727
-21670
17883
23818
15120
-738
30285
-3290
26484
-29113
-28911
2993
-13568
31239
-27906
-13032
-25760
29331
29450
-6477
-7649
19790
-2191
15436
23308
28625
8840
-11042
-22029
-26087
3417
5698
17779
-11467
29516
132
20563
27035
-3158
-18487
30690
-32068
-15494
17122
31939
-10631
-28677
6179
18700
774
-297
11052
-12203
30280
-6279
-21662
26138
2561
-32704
4109
9242
-29287
-22959
-5746
24782
-26210
-5613
12578
825
-8771
-5909
-1251
-8071
11366
15871
23868
735
-12805
-2719
-13332
20737
29752
30488
8534
27265
-8558
-13128
-12132
-5997
-13064
24745
-29521
-9582
-30981
30268
15200
8345
24655
-4989
-23597
-16882
-10897
-24848
7815
469
-8976
-1083
-31563
10987
-3802
-12127
-1043
-6817
18362
7491
20448
9804
27131
-24451
-28959
14067
-32473
7055
-28282
2082
-28212
-13082
10427
29212
14698
19598
12330
3801
-5249
-12622
-28497
18543
-13705
5475
29530
-17507
-6652
28487
8444
-21057
3211
28892
21516
-2425
-28326
-7443
-21125
4737
32380
16129
-25948
4168
-29720
17247
613
-15022
-28690
12943
21547
31596
-32445
-6950
-15396
19385
31293
-18633
-30888
24642
-22913
-22444
-29182
13066
-26318
-7666
10641
10891
17659
-10483
-17139
-15496
-27121
-10319
-11327
8694
6928
-10714
26441
11007
-30537
-17547
-22932
-30214
-24496
-5559
-10829
6797
8576
23818
-1328
-14336
1375
-30509
-1270
7825
-5407
-23395
-14051
12253
-1110
1579
-3243
-28231
-8740
18198
13231
30957
-25282
-25863
-23571
9716
-10641
-13735
-20498
30398
13474
1441
4428
22051
25260
3101
-25052
-6132
5360
-26322
-31074
32721
-16949
20410
-20561
-18059
21989
-23803
-13522
-19517
-5605
-290
11440
-30887
6615
20637
11597
-4026
-25865
23867
-6395
-12390
25309
30802
9661
17802
1136
17377
-21097
6496
23823
13364
-26318
6875
-31761
-14110
21584
22997
27622
8063
-29287
-10750
-24994
-17847
-8868
14389
-29977
-30038
-22403
9693
-6170
-28798
-2697
-13628
-30763
-25803
-28593
-29627
-8426
15845
9637
-17369
-3558
-16680
-10494
-2551
1978
11090
-12321
-3167
-13614
23927
-13917
26927
-26687
9983
-24218
8871
-20054
18914
-14202
6544
22884
15869
25684
-7878
-9933
29859
-4737
14409
12937
4901
-2960
9379
20989
19314
6828
22967
30405
27276
19800
16791
-14332
-26884
10952
24517
-16900
19502
-32147
-4186
-27119
19186
-30409
28533
2289
-4725
-12112
-7644
-7633
-16848
-26002
5304
20821
3807
14683
-23725
-9646
-11256
32010
-12008
16020
-13725
-27983
1689
-7841
-17031
-6561
8027
2471
26827
-28926
8120
13247
6200
3886
15536
-31292
-8225
-24875
26610
7695
-18109
31914
28516
18466
13830
-27976
-23946
2575
4034
29581
-14172
23077
1598
20285
-17531
17335
13724
23265
-12961
7785
-5661
-4841
-11735
-32227
-954
-28966
2016
23589
11694
-4140
-1483
26353
-4993
-5734
12053
8838
31825
-11893
-21354
3092
-15079
30009
-6598
-13480
-15240
8639
-28912
-1516
31904
23663
-26498
26244
-13945
27302
-5983
-14899
-1664
28801
-24077
-22737
24661
-25560
-29150
19669
1474
-17097
-4260
532
3778
-25614
3624
-11301
4395
29794
7987
21923
-27101
-20924
20408
-27964
2739
26678
-1720
-11206
-11554
25065
6664
19550
-11668
15355
-3186
-19774
22564
-32336
32663
24038
16102
28403
24571
-12887
2789
-4572
-24188
7185
25223
-16200
29108
30890
28411
16749
2926
-1617
-22107
-31560
19945
-893
-6495
26609
18657
14605
9198
15471
-5168
31762
15903
27495
-9735
-762
-9636
14836
-13649
-6847
10265
27699
-32429
2721
11499
29448
844
7143
-19338
-28997
5526
-8677
4978
25471
23198
-1516
19314
-23679
-19678
28512
24560
-24846
-5261
-25071
-30117
-14996
-25833
25782
32609
26054
-13832
10107
20986
-13492
-19939
32485
15956
-19095
-25907
29386
17443
12387
-12057
-10345
-27677
11141
20907
24405
20230
1229
-12618
-20744
-23616
-17879
-13047
11802
-106
26655
4817
-264
19942
-9015
-22924
8161
10261
22672
-24889
26217
-29190
-18028
22837
21021
27127
10780
-22091
32219
21921
-1184
-8911
-23383
46
-21528
-11359
9198
-6639
-24406
21000
26023
-30518
-6950
-7008
22193
16803
-29932
30354
27065
25508
-27301
-12253
29086
-12561
10584
17341
14567
-11403
-4750
14019
10519
-5933
5108
19904
26881
16348
-24222
-29456
9710
16907
24312
2966
19157
17362
-4041
-24185
-31370
-1205
-26597
-4305
-8463
-21130
16211
-12144
31844
-5972
5197
13644
-17374
-32319
27663
25913
-5484
5
13050
21397
16353
-11172
24709
26063
-27032
-16514
-3737
-7875
848
24990
709
-30522
23785
6880
-2058
-17445
-14250
14153
-29588
-15173
-24586
-24391
31240
23575
-23942
26136
16721
-29426
26141
29771
24739
-23040
-14168
-16087
-29744
24335
167
32054
-16306
1015
-8491
17171
3262
15295
24051
-31563
-2150
-22966
15358
1030
27396
-9228
-23360
-6899
-18419
-14534
19238
-1698
-11191
-20156
28074
13548
-10428
-18861
30230
25364
5475
30397
-8117
-10831
-1354
-16607
6340
-30859
31456
-2376
3113
-3461
-25342
18471
-2430
2054
-23524
6978
27924
23592
25212
14395
21895
14021
27007
17202
27570
16580
-1659
25033
-23591
-28951
-10105
1060
-7014
21309
17221
32094
-9550
-16858
29718
26331
12450
4376
12035
-22747
-26336
21280
16999
-31179
-20663
-23324
-16784
-31535
-9302
10223
-14333
-14499
-5964
16777
10534
-29555
-12174
-32338
4274
-19187
-11028
21495
12907
12190
4638
9859
5755
-15679
14235
-14977
27109
20667
6303
11341
-10512
-14359
-11983
5472
19641
-21285
-17071
-27458
29751
-23035
22087
7518
-19821
9913
-24819
-15547
23494
-3079
5948
3635
9111
-22181
-19273
-17901
-5092
27730
32658
-10750
-17137
-26574
591
5119
-8165
-11391
10592
-21290
92
-6479
16787
-2923
-29514
-26661
4595
-16567
16020
12544
-32114
6748
9465
6603
-22384
-14190
17190
23878
-32091
12099
-13927
-32200
1349
1704
-26005
1941
6824
31365
23318
17416
-22692
23410
-21830
26863
20487
-18576
-32565
-7684
30393
-16544
4860
31047
22972
-18441
4883
588
-32631
22074
-8301
-31954
1406
-22228
1382
2755
12245
-24623
-28071
19069
-26025
-4753
3718
16819
-14109
-18112
-21853
-26389
-3920
11118
31462
26473
27342
3556
24754
-15221
-14885
29637
18135
-14748
18944
-22933
18833
20350
-12393
20215
-9661
-148
28360
27803
18921
-30431
-9716
-10128
-13612
-23825
-28240
-2697
15321
609
-24346
14017
27082
2996
17573
19069
20543
-30079
15940
5911
20708
-30651
-17022
6774
22468
-29414
-5777
-19960
-29562
22583
7843
22128
24920
30895
12000
11308
7070
16529
-24155
-10375
17138
17034
3642
11453
-12736
21215
-2244
-24960
23904
13696
-19048
-20923
15813
-3302
-14149
5514
-32716
12842
-14446
-29509
-30109
26166
25387
-5189
-8474
4620
-26647
31365
-11618
-18034
20990
-27247
-1000
24632
16975
19032
13080
14731
-5927
-28551
-4340
-24975
-16706
11473
4491
1913
-15779
-28224
14756
-30225
-24965
17415
28709
-32345
-20541
20236
-27725
18347
18834
26193
-32454
-25711
31714
-685
31689
-16846
18347
-20766
-2115
12420
16218
-6455
20213
32280
-27748
24705
-31342
22008
29249
-16586
24551
-28483
829
-12274
4707
-19711
-24805
9750
31404
-5971
3176
31719
1086
-30644
31034
-32760
18045
-16154
12009
-16836
29035
-4540
9477
16481
27740
-18271
8419
29166
-29030
4901
12581
-4478
9186
-19357
16016
13893
-6300
-8789
-9123
25105
-14760
-5947
24057
-13674
28944
-10444
-13666
14223
6170
-1657
-2613
2438
26571
6864
18920
21544
21362
-5428
-14825
25100
-526
-2244
-12145
-24107
-21600
3871
-10213
4868
27850
13432
-2794
-19677
7485
21263
-583
3663
10819
-14249
17886
16990
-15906
-17494
19428
-22102
22138
5581
-558
-22035
154
-15382
-29701
32396
15142
-9078
8289
26310
-5206
30844
31179
-10123
-21259
28385
-29799
18995
-15886
-30382
22658
27701
20905
-24991
-20844
-27768
23050
31353
15666
-20347
4167
-17659
-9613
-28446
32494
-6546
3950
-17898
-15624
-20527
8412
11938
-22450
6824
1816
-10940
-30325
-27983
8055
-13443
7170
30713
14258
-4692
-27045
26183
-32459
-3995
-7999
15975
8426
28936
-1684
31581
491
-1956
25035
-28326
-19854
9412
16682
21326
21350
27001
28151
23166
16061
30594
27951
24116
17151
-30413
22062
31409
-2337
-4983
-7943
30739
23790
16826
13947
32216
-19772
-20503
-1737
-19281
-22459
-9469
-14839
23222
-57
-30923
11781
-11473
-3922
7165
11693
12139
-27776
6878
3488
22143
9233
-7217
-11982
6896
-12200
12843
4869
11590
29670
18816
11039
-22869
-1687
-23465
-9382
-24146
-165
-24221
31844
-222
10391
10859
-11695
-26298
18024
-32768
-14159
23017
-25890
22097
-20375
-16657
14880
411
23007
-30087
13255
27876
14271
10158
13926
-7456
20057
12239
-30921
-22092
20862
1682
19222
19939
1461
-3153
-1969
22534
-29451
16056
22534
-10841
6306
29412
-21511
18699
-20012
-6630
-13656
2996
-3949
32367
-1895
10323
-23010
12031
2867
29815
-8496
4714
7723
-20401
6397
-5822
-462
-24909
-8975
-2430
-2375
-5657
-19141
-12607
-16498
19933
16805
27526
-26903
29562
-11871
24976
-209
-15819
-8192
-2104
-5496
1566
9928
30139
-1386
-31335
-30682
6337
13799
-24285
-32251
13337
-16426
24309
-21860
13968
18652
-8233
1361
-30613
11700
-14601
-3086
17566
-17806
17811
9775
-18015
1992
-31183
-20118
29264
3151
22578
-6132
1766
-8757
28722
-24664
5042
-28330
8620
-14388
20780
163
-3479
-30787
-13952
-11712
3342
-11796
32757
21509
17886
-15212
3704
-29838
27331
-14311
-27845
-3852
-1661
1419
-700
20917
28056
-31701
-20607
-8757
-23597
17203
-4319
17792
-29951
-16306
-14812
32105
-14325
-28764
-12374
-10983
24975
20383
10527
10094
-27596
14231
-19743
-264
32688
-14820
-4116
31028
19367
27952
19178
-18112
29019
-1428
5899
5423
-16992
1581
23215
18592
18043
8403
17930
3719
12407
5557
25504
4616
25940
-29504
14710
31113
17495
27735
30849
-15351
12915
-6034
-17090
32283
21919
2088
-18596
-14597
660
-12696
23594
-16331
21653
-18726
-30506
-25839
22445
-12575
-22120
2086
-7018
3385
-26065
-13845
6649
-11355
17268
-8622
16381
15350
8795
-3471
9317
-8295
-3955
31236
-6207
-22550
-16128
27222
30289
7467
-21876
19175
21509
13153
-6664
11188
-32189
3985
-19493
-6439
-25397
19977
-20283
14020
8622
29753
5398
-7764
-20431
-18574
21534
-11114
-26869
17579
-12645
-307
-4971
3995
-5852
-7449
-21305
-27728
11726
-32562
18193
-27704
11394
18773
-23719
-8099
12334
-16348
11878
24819
-2328
-12267
-10962
-29696
12738
1375
17265
-31263
23029
23165
-13684
-22383
22858
14114
-18388
17006
6665
-6924
22046
-14375
26049
7472
23456
-28092
26245
32505
29344
5813
16157
-24313
30632
-18938
-3812
-13097
16901
8926
21046
-31368
10431
-21460
-8203
-3252
-11075
-18112
-21905
-29462
31662
17528
29149
20941
3153
22431
-4354
-6158
-5661
-10875
-6420
-9084
-5062
-23030
-629
-7197
23568
-4441
-20293
7702
-28281
753
9102
-17850
12062
-31868
11666
987
15555
-10239
4293
14450
7290
675
-30144
-22324
23106
-1729
4287
-15322
-12604
30635
-24406
-17666
7606
-25035
-24863
-1593
-29475
-12388
6109
-24988
-11634
-17555
22697
-32339
16112
-31171
1416
-1099
24125
5710
13351
-1352
-26382
15976
-23675
-3275
14247
13380
14171
1643
-21520
-10234
16745
-13914
-2501
-8118
17261
792
-20505
-9396
-24196
629
-26951
-1498
1058
21929
-32669
2474
20830
24224
-24583
1415
22873
14571
-15376
31966
-21471
31639
12579
-7300
515
-8941
15234
17260
9914
12734
-23625
27175
13526
-11362
-14988
-10669
-10733
23596
20601
23093
12759
-12068
25568
-31946
-20611
-31782
2237
2262
-17211
-13139
1461
-5914
18500
14040
19555
-13752
-27667
-30746
3508
-17753
14756
12652
-23345
-4484
1290
27203
17615
23326
18032
-27319
-19116
30791
-6619
6452
31614
-27230
7439
-31684
7801
-9772
20713
-23505
17083
6446
23304
-28897
25463
-4363
-26875
-3796
-22116
20650
8856
20074
16166
10147
14510
1014
-32062
32543
-26305
14357
30567
-156
-11957
-3354
5382
-4518
30498
-19584
18478
18444
22447
2794
-7877
-19784
6665
17586
-24147
-20209
13791
-13495
-32326
-10120
6579
16608
27
-11677
17622
733
20866
24085
-17676
-14102
-8838
-29633
15313
-3456
-1383
-19724
-23039
17095
31488
-592
19890
23611
12392
26555
8431
-11755
-26421
-10545
-25250
-25979
-20665
14097
-9371
12131
2420
-24516
12864
-9481
32337
-4812
9186
23499
31090
24499
20044
-3060
-27992
29773
14036
3496
29181
1159
-5660
8806
-5053
2771
29819
1295
-7774
-28198
-24684
4330
-14101
-1286
16461
21088
6966
29325
-21160
-26231
-8253
-11974
30036
-9930
-20242
-15455
-12989
17301
14318
-31720
20797
10732
2207
15138
19538
-2846
-14858
16590
-1551
10137
-11608
6534
14467
7060
-27519
-1839
-4619
-20553
-5281
-25779
-14016
-13534
-4984
16021
-23463
-25226
-32201
29083
24844
-17882
-2637
12874
25618
-430
-4755
12390
29492
-19612
28980
-4825
23293
17373
-31058
4993
-8334
6958
3154
-12953
-13595
-2127
26803
5158
-15660
-10948
21179
26412
-3405
-11022
22728
21439
3864
-12676
-31222
-3284
19662
-3208
9106
-16381
-22820
5319
-21206
-32294
-10075
-19496
-27301
-18409
-12538
-24147
-31362
6636
6494
28210
11794
23602
-15505
-32562
-15521
-18910
-10816
-25560
2529
25817
27299
4076
22533
-18574
868
31639
-2186
10816
4191
9376
-21478
-5883
-10119
-16011
-24292
-22657
-7390
-22885
-16021
-896
-27442
28541
22707
22588
28747
-25581
3679
17932
-18372
-26559
-21786
8927
-22483
747
23122
11153
-381
20936
21969
3810
-2455
-32276
30695
-12574
-15519
-26363
-2462
-22909
16287
14285
8964
21613
-22708
-1096
-21334
6039
-26677
15113
-8796
20486
-11445
2186
-3353
-1160
2933
-12998
9994
-30215
-24829
-804
6364
-27284
-311
-28476
-7089
-15830
10696
-9551
-5970
-5784
-28033
-29773
15829
14794
-30869
27264
-11933
-24778
-23158
-20729
28477
-1835
14226
25124
-2994
-15608
-20641
-25767
19713
20065
-26571
-6690
25549
5886
30369
18460
22825
8299
-23858
-15912
-30252
13645
19850
18346
-4328
-11019
-19925
-16261
29738
-10315
-4221
-7320
20619
10005
-14963
17625
-5603
29931
24626
-18657
17229
30823
-25347
-22756
-28825
-27744
28472
26768
13323
4615
10856
-16929
-14507
30706
-31350
-18835
19687
-18507
-2327
16658
3947
-6548
9339
24566
-29310
27144
9424
-2145
24309
-31485
-20801
-23997
-662
-13380
-13985
3281
-8356
14488
30049
4967
-13664
-24630
20807
-28171
6076
-10543
-14238
-7004
3719
-16565
9655
7666
9655
-13773
32232
-19655
13371
8889
10969
-27855
-22596
22936
-19083
9510
9556
-300
-19975
-31566
-18579
10074
6169
525
18213
26976
-27646
-8478
-16333
-9115
-15481
20154
-25680
-5826
27820
16744
-19599
27285
-2911
26540
-29361
-24709
31454
-19189
-1773
12371
23089
-24983
-20696
3114
8986
26261
-19578
15155
26786
-1365
9365
31909
-9843
25800
22794
7444
-19581
29882
1618
-24528
-18909
14787
2757
10949
-24207
6164
-13760
7247
-13025
17236
-13149
10064
-7747
31690
13179
-31528
25184
26369
-16373
-13564
25004
25760
-14422
-17606
18793
-24395
-10161
31980
-27280
24225
7452
19347
-26522
-22558
-2471
-17961
-16394
16537
-10714
-29419
-31762
8905
13414
-6741
-24940
-6174
27266
-32522
20195
-21873
19449
12432
3887
-27740
-5174
-10086
-19367
-15335
21894
18888
-23876
-3420
5468
15137
-25978
2997
-2824
-9603
-13232
19230
26513
20541
28135
7160
13801
-29572
986
8300
3441
21181
-13573
-9877
-31922
23083
27918
-4327
12997
8551
13106
-30644
27440
-10770
-1296
141
4367
-27273
3139
-31224
-4108
22675
20774
22405
-22319
-16626
-3201
24250
19338
-2215
-216
-9988
-13800
-13789
-19864
19813
9294
8054
15486
22291
-16161
-4174
24416
-21488
-14944
23120
-21347
22192
28615
14560
-9032
24507
-28300
-21024
14146
-17850
27885
10945
-26367
14456
-24037
-26583
4469
27698
25164
-15395
14745
-31077
25427
-2536
23983
-23501
-6710
15632
20546
-21653
5985
-800
539
-30934
-19007
24275
26341
18229
3251
7720
379
-1630
-14102
6780
-19941
27397
-19802
-15472
-10440
5362
1901
-28462
7053
27329
-30997
-1731
3828
27828
13901
-8392
6175
-12880
-9192
-26053
-11046
4569
30991
15295
22798
1475
-9751
-9590
-155
-23853
-2809
-20095
3544
-22611
-2799
25873
15519
-897
-2589
-10195
-6335
31949
20843
-2507
-5757
1977
21869
-32349
-10903
-20090
-25633
-21949
-15520
5358
-6653
7278
6833
16364
-2311
6679
-7489
27648
19352
28824
5037
16553
-10838
-12211
15656
19341
10362
-23446
-14244
31205
6816
12767
-32352
28685
13186
22280
8596
-12447
332
-6924
25679
26447
354
32513
-22724
30811
6425
2555
25692
25777
31379
-2038
9563
20541
-14249
-7547
-25652
-3886
-30993
-7128
27319
-24177
5639
27735
4509
-13942
-15519
13105
-26388
17581
-26586
-709
-21507
-26232
-963
-11463
-28187
5462
-8908
-2495
-1528
22472
-4532
-24731
10246
13987
-32278
-15406
-22666
-30503
-22534
4654
10856
15873
32389
-17402
-30835
-15897
28471
-24455
1684
1885
7604
12945
8421
6642
1482
13002
-20663
-7425
10508
-22190
-17720
-26791
-14153
-7474
19964
19104
9889
-2701
-11399
20123
-30814
32225
3230
1575
-17944
-27605
18447
10527
13475
20131
-20355
-11688
-32458
-11933
-5046
1792
1069
-25708
27135
-21190
-15130
9415
-15213
-29283
-30825
4752
22589
-20936
2051
-21577
-813
-28763
10649
2417
5580
-7295
7580
24027
-29534
-11712
11392
15646
-23399
11702
-29054
-28445
13494
4784
-21385
-24905
-16406
-3747
-15490
-31618
-262
19220
5902
-10440
31052
-24814
-32016
30240
11958
11401
-110
-15229
-28661
7471
-23968
7340
28527
-12576
-9780
5128
-874
26701
-23316
-20147
31485
-11933
20483
-17687
17089
-27773
-16537
-15940
24215
-10635
-26379
-10267
30086
7140
-12794
9277
18541
-12904
26816
-10120
27335
2848
29989
-9672
23040
-12558
28224
-10601
-18624
-27859
-30747
-19905
25744
22504
27943
10066
-5269
11406
-5874
-13820
-31996
-32253
-24087
30858
-25113
28654
7368
26196
-17017
-31351
-16690
-22448
4266
-19468
648
27306
-32026
28872
-16061
14885
1014
18727
-5020
-6009
8464
-9844
4057
3196
-31205
-1817
-10624
-30433
-1301
-1943
425
6354
-6056
-24974
-216
9695
-23556
-16906
20015
-19290
29161
20663
-24751
29903
16769
24723
12021
17783
10683
7002
-20993
19148
29926
-16936
-10423
-1278
14015
11721
-31711
-20053
9778
1483
-13698
-29045
-23491
-13914
-19350
18488
1948
666
-802
-1658
21329
-25552
28245
5331
31939
-25269
23114
-22912
14501
-30646
-3764
11661
17953
-14187
10383
-798
-2466
-21328
-20851
-25455
12923
-1781
11035
-10567
-15695
-8315
-24846
-13747
-7649
7121
-15405
-19086
14337
-19927
-13755
-19259
-12427
-23407
23364
2074
11482
-13167
13735
-3331
-27354
-8649
28639
2948
2792
7788
-22507
15715
-26759
21296
-27619
23081
12982
13071
-23432
-27434
20192
-6069
-13752
1762
-25995
5262
-17497
27113
14623
-26899
-3580
26105
25469
-22611
-9993
30884
-31260
18646
-31703
4300
-6332
-21441
20016
32444
-145
-7603
22758
-19930
-27299
-674
18172
25661
-6742
-28347
27423
-32737
-23085
9927
27144
-8462
15796
23564
-15123
-24270
-31814
7652
-26153
-30305
26299
-25087
-26005
-12800
19007
26779
-13123
-13905
-13590
9635
-1066
24646
8962
17106
17541
-30547
21527
-20571
-30516
-1557
22124
-3372
22749
-27615
-12575
7626
-19116
-11620
15279
20266
23610
8811
-4821
-2395
28779
-18581
-8382
15656
283
-21972
25291
-783
-30093
1486
-16444
-12552
3707
5083
32413
-26809
-29241
21770
2587
-6491
-5844
22781
-31632
7808
11161
16415
28074
-30764
-7541
-9513
-391
21238
4674
-8773
-28641
4957
2023
29419
4174
-28069
-1862
20498
24914
1846
25582
-8208
7805
-3659
-19204
-22374
22618
-25048
407
23755
15528
-21199
-25365
10835
-19195
-137
1322
-19586
21101
-26770
4410
25229
-21813
6433
21881
15130
11132
-12748
-29907
-29488
-10902
28443
-4928
29672
-7982
-24132
7298
14636
-16412
-25062
5624
-884
19274
13028
9952
79
12891
-21493
13261
1225
17272
-15096
-6313
28228
24106
15568
-22177
-30297
2821
-19316
5750
24687
-23639
823
-11176
-31621
-23309
28890
15783
-6952
3828
21408
-7836
23102
-31099
-30651
-9586
14560
13392
3676
15785
30664
21348
9473
26125
-20081
-7726
3948
15158
27863
17401
20908
-12984
-6238
-11036
8608
-5091
-1576
4732
-22075
-8528
8560
32101
16404
-1104
1002
-14246
-10690
-17205
-854
25754
-1419
-2957
-18432
-24713
23169
27022
329
-5650
-23355
28193
11751
30322
-17558
-27254
-13481
-8950
423
-15057
-4218
-21651
9183
-28424
10450
25588
-29528
-21314
11342
-7450
27016
10488
18305
-7170
-25236
-127
-31883
-2067
26895
-31553
-7716
-29226
29408
-28732
-31671
11850
-23217
20383
-29867
9974
-27440
-1316
-11677
-18257
-29740
31542
7331
-26500
10228
-14094
31585
4477
29162
-15645
-2692
3927
-15772
-1807
1860
-21643
-592
26912
-18101
28816
30949
-17004
-24869
-25035
-29388
-21967
-15061
8707
-23283
6031
23219
-20255
-27962
-2217
18780
15034
-16310
-15170
-13256
12852
1954
-15948
-15988
18950
15014
-14127
30075
14422
-19982
11974
10472
-21800
27738
18371
18700
-1649
-3596
-29127
-25709
-26879
-23096
30278
-14366
-18290
28062
4414
29512
-21015
22013
16256
24605
23967
-32458
8618
-22618
-17444
27259
-25309
29746
7277
19433
7451
18246
-18363
25823
4179
12756
22227
-24948
-12953
28117
-15276
17326
13751
31969
12621
-14601
28714
-8394
7412
-20564
-16556
-1388
12513
-7938
8762
27837
19321
-16547
-7952
-6168
2887
-500
12078
17292
-7444
16257
30048
14783
24078
17095
10133
8802
1654
-8882
8005
14275
-23483
-28816
-26886
16697
-16612
22094
-17458
-4099
-18611
24072
23738
711
-25241
-16980
27311
10414
15288
-26146
27706
7844
22879
-7781
-10140
14190
-23453
32762
22993
10970
23880
-1769
-7522
-32370
2183
31128
17095
-14428
20455
32405
14241
1844
-9058
-27555
-30212
31236
-11767
-2901
-23885
-29246
3721
-28946
11366
-6166
28808
1226
8024
-27411
1221
-1750
-16441
25101
-3519
-23963
25499
31433
-25602
9827
17005
27621
-23303
31246
-3301
-32360
-29076
32022
31644
-8075
-3645
-25007
-4553
-32691
11582
6813
26678
7624
-24727
-30832
-19787
-23506
-32582
29307
-31171
-3332
-27423
-5672
-4666
12511
4156
12339
-25403
13621
10818
-28704
-18739
14511
-29448
-19861
-26331
32442
20667
-30883
32519
32249
-24070
-6337
-25662
16738
-4401
-12681
26001
28552
-16141
-5170
-7547
21972
21926
-12213
1716
-6685
-32641
-23687
6937
10946
-19622
20966
-7310
16465
1105
31894
16140
-10995
1011
-16876
21255
9710
-23213
28361
-6319
-27614
15681
19682
-31828
32308
-18255
-6607
-11255
3672
13949
-9539
29755
14076
-457
3925
25022
-20079
24892
17712
29154
-6770
16840
-20241
-17764
-14916
28418
-29276
-5206
-27561
-915
-11524
-22407
-18001
-24609
-21467
14308
22672
4695
-29714
-6423
18644
-6484
23332
32720
-6941
27258
24976
-27020
19383
9921
2134
12613
26761
14661
-5151
-20921
10312
31108
-26127
-17249
-2573
-4883
-6887
12194
-29491
4414
-6265
-6819
9109
29557
19526
-5014
23073
-22677
-5060
16132
-28186
19916
21880
23965
-2930
-8753
-28956
-8935
5908
-1339
-29856
-16547
-2997
9552
-1027
27198
4670
-7914
-26143
-24821
-3500
-32407
1128
-27157
29918
20654
-32171
20224
30745
28304
-29179
-30207
15453
25469
-6242
12524
-16051
-2430
3589
22625
29000
-26267
6078
-6764
-16715
5051
20434
20723
29905
27059
28670
26406
-5348
29798
32017
-8197
17685
-154
12027
-17104
-4616
15616
-14543
10837
8318
-20785
23361
-7733
9554
26950
14892
-26981
683
-11796
31790
16737
-6745
-13311
4693
23161
13748
-32171
16800
-24366
30395
16050
205
-17454
15896
12233
-1790
11280
27849
-16333
22118
-29367
-4350
12712
-4332
5204
-25872
-22206
-21777
7579
31533
-22754
-8451
-7979
29470
-3757
15182
10452
29607
-785
18854
27235
15265
19059
9781
-1605
-1475
-24776
-23092
-6392
-8341
31794
29776
-12690
-21028
25444
-7486
-14132
3238
3506
-6553
2004
-19248
17765
-5974
-22544
14008
-23559
20676
10848
-24343
6763
-27452
23690
-6945
15098
22085
-8419
23090
-1006
-14811
14750
30788
-17802
2060
-23007
-25125
27342
28396
10882
30848
-10923
12886
-21166
6842
6912
21825
-11917
-16646
9734
31699
-8221
16497
4247
15469
9552
-13422
4788
-31634
-23098
-28985
-13677
-8348
-30964
-31479
26480
11565
8932
-11713
-25574
19814
-13631
29038
-67
